1900 0.0007385
1901 0.0006881
1902 0.0005706
1903 0.0006943
1904 0.0005828
1905 0.0006341
1906 0.0007829
1907 0.0006535
1908 0.0006223
1909 0.0007345
1910 0.0009561
1911 0.000499
1912 0.0008258
1913 0.0007166
1914 0.0008439
1915 0.0008641
1916 0.0008821
1917 0.0005081
1918 0.0006444
1919 0.0008033
1920 0.0007826
1921 0.000516
1922 0.0009373
1923 0.000807
1924 0.0007311
1925 0.0009064
1926 0.0010185
1927 0.0007586
1928 0.000754
1929 0.0007288
1930 0.0007402
1931 0.0009424
1932 0.0007053
1933 0.0004983
1934 0.0007388
1935 0.0006292
1936 0.0007896
1937 0.0008076
1938 0.000997
1939 0.0012331
1940 0.0009729
1941 0.0009679
1942 0.0005453
1943 0.0004267
1944 0.0008866
1945 0.0008207
1946 0.0009915
1947 0.0006124
1948 0.00073
1949 0.0007723
1950 0.0008511
1951 0.0007881
1952 0.0008313
1953 0.0005166
1954 0.001029
1955 0.0010525
1956 0.0010145
1957 0.0008101
1958 0.0012731
1959 0.0006818
1960 0.0010678
1961 0.0009422
1962 0.0009005
1963 0.0008929
1964 0.0010803
1965 0.0011899
1966 0.0013433
1967 0.001246
1968 0.0011815
1969 0.0008277
1970 0.0011807
1971 0.0010277
1972 0.000902
1973 0.0008228
1974 0.0014337
1975 0.0011143
1976 0.0010254
1977 0.0015734
1978 0.0011532
1979 0.0015093
1980 0.0013913
1981 0.0016577
1982 0.0009812
1983 0.0010396
1984 0.0011874
1985 0.0011988
1986 0.001316
1987 0.0013893
1988 0.001332
1989 0.0010495
1990 0.0008824
1991 0.0010033
1992 0.0010162
1993 0.0011436
1994 0.0009368
1995 0.0011676
1996 0.0009835
1997 0.0009609
1998 0.0009311
1999 0.0007715
2000 0.0008432
2001 0.0011757
2002 0.0010129
2003 0.0006479
2004 0.0007313
2005 0.0007628
2006 0.0007847
2007 0.0008433
2008 0.0006795
2009 0.0006574
2010 0.0009249
2011 0.0007228
2012 0.000806
2013 0.0007957
2014 0.0007941
2015 0.000785
2016 0.0007766
2017 0.0007667
2018 0.0007667
2019 0.0007667
2017 0.0007667
2018 0.0007667
2019 0.0007667
2020 0.0007667
2021 0.0007667
2022 0.0007667
2023 0.0007667
2024 0.0007667
2025 0.0007667
